0.143283 -0.0486873 -0.0349817 
0.152426 -0.0443717 -0.0245899 
0.150546 -0.0473963 -0.0320459 
0.154117 -0.0447422 -0.0306926 
0.149845 -0.0446111 -0.0264564 
0.144366 -0.0471704 -0.0341813 
0.153701 -0.0416936 -0.0289489 
0.145498 -0.0496272 -0.0312569 
0.150494 -0.0450693 -0.0312651 
0.150456 -0.0472573 -0.0323766 
0.149451 -0.0410771 -0.0310327 
0.14703 -0.0380997 -0.0319248 
0.151333 -0.044389 -0.0282667 
0.150245 -0.044665 -0.028485 
0.150293 -0.0449033 -0.0366517 
0.150776 -0.0438208 -0.0266754 
0.156974 -0.0445271 -0.0328759 
0.151875 -0.0468984 -0.0355416 
0.154541 -0.0442914 -0.0302804 
0.153279 -0.043697 -0.0297281 
0.144246 -0.049566 -0.0331082 
0.149853 -0.0457192 -0.0303972 
0.148374 -0.039004 -0.0289707 
0.157232 -0.0487366 -0.0283505 
0.149142 -0.0452084 -0.0310566 
0.150874 -0.0432279 -0.0305354 
0.152436 -0.0476705 -0.0287614 
0.15137 -0.0451811 -0.0311692 
0.152653 -0.0446185 -0.0304138 
0.147281 -0.0495354 -0.0320814 
0.146701 -0.0432358 -0.0291143 
0.140971 -0.0430176 -0.0332548 
0.146854 -0.0451137 -0.0273622 
0.147658 -0.0453861 -0.0329352 
0.15012 -0.0433378 -0.0280221 
0.153005 -0.0434212 -0.0298431 
0.150733 -0.0466751 -0.0274598 
0.150829 -0.0447707 -0.0308849 
0.148576 -0.0422035 -0.0280138 
0.149538 -0.0450439 -0.0340554 
0.143785 -0.0460106 -0.0301622 
0.148816 -0.0451164 -0.029351 
0.155136 -0.0416292 -0.032257 
0.148555 -0.0429899 -0.0335774 
0.143433 -0.042123 -0.0295097 
0.148747 -0.0444605 -0.0302246 
0.152167 -0.0475369 -0.0340244 
0.147911 -0.0449504 -0.0302714 
0.156909 -0.0480976 -0.0328443 
0.147715 -0.0435996 -0.0321599 
0.151335 -0.0403654 -0.0295816 
0.151036 -0.0411038 -0.0283435 
0.149633 -0.0465191 -0.0358749 
0.147707 -0.0438886 -0.0321256 
0.153934 -0.0444487 -0.0306298 
0.15167 -0.0422519 -0.0343429 
0.144892 -0.0471115 -0.031757 
0.161853 -0.0446311 -0.0317428 
0.145287 -0.00743488 -0.0277337 
0.145401 0.0132285 -0.0322538 
0.139886 0.0390607 -0.0304009 
0.274413 0.178883 -0.032591 
0.4221 0.270529 -0.0266049 
0.524196 0.338998 -0.0239867 
0.610351 0.410959 -0.0195298 
0.700642 0.441668 -0.0208051 
0.76564 0.493637 -0.0136511 
0.818806 0.524341 -0.0164891 
0.868518 0.553033 -0.0280921 
0.904759 0.585439 -0.0217728 
0.952365 0.62243 -0.0279489 
0.992347 0.658173 -0.0352159 
1.00335 0.678642 -0.0338658 
0.993717 0.68658 -0.0134545 
0.975102 0.691344 -0.00869641 
0.963532 0.708195 -0.00407346 
0.958583 0.721384 -0.0214734 
0.934958 0.714181 -0.0161965 
0.899565 0.745599 -0.00763234 
0.870661 0.735944 -0.0243002 
0.844007 0.714563 -0.0378999 
0.835655 0.710988 -0.054856 
0.820008 0.684099 -0.011019 
0.812651 0.68864 -0.0323832 
0.773554 0.682316 -0.0591395 
0.760715 0.669554 -0.0690177 
0.764167 0.640824 -0.0671308 
0.740792 0.62632 -0.0475954 
0.744296 0.628666 -0.0709596 
0.737065 0.594832 -0.0788594 
0.739733 0.572885 -0.0336592 
0.75863 0.54589 -0.0328017 
0.746144 0.52783 -0.043441 
0.542237 0.363041 -0.035514 
0.427144 0.285162 -0.0570599 
0.322125 0.223958 -0.05137 
0.235562 0.180373 -0.0425366 
0.175418 0.11794 -0.0421432 
0.11385 0.073149 -0.035921 
0.0632576 0.0334366 -0.0331029 
0.0122841 0.00687933 -0.0291679 
-0.0306708 -0.019837 -0.0237578 
-0.0514141 -0.0375488 -0.0329319 
-0.108135 -0.0690316 -0.0399916 
-0.150244 -0.0922163 -0.0346556 
-0.124789 -0.0972912 -0.0216253 
-0.115478 -0.144834 -0.0128232 
-0.084962 -0.167887 -0.025328 
-0.0537718 -0.161821 -0.0153357 
-0.0447165 -0.180032 -0.0177992 
0.000495416 -0.197587 -0.0230578 
0.0384158 -0.197777 -0.025233 
0.0761782 -0.179136 -0.0278467 
0.0997554 -0.1411 -0.0278262 
0.118734 -0.114594 -0.02696 
0.136479 -0.0803291 -0.0330586 
0.13783 -0.0451402 -0.0325318 
0.137286 -0.0502758 -0.0342213 
0.135401 -0.0512368 -0.0321711 
0.142937 -0.0498637 -0.0301478 
0.130801 -0.0527798 -0.036135 
0.140056 -0.0520946 -0.0298952 
0.132337 -0.0515912 -0.0355116 
0.135219 -0.051395 -0.0319604 
0.132172 -0.0498393 -0.0329459 
0.135829 -0.0514579 -0.0329903 
0.143429 -0.0547563 -0.0321072 
0.13089 -0.050384 -0.0306536 
0.138338 -0.0481544 -0.0311594 
